Running MM-BLOCK 6 instances
MM_BLOCK,10,2048,52032.7,107.667,33.7347,141.402
MM_BLOCK,10,2048,52314.8,105.779,33.7347,139.514
MM_BLOCK,10,2048,53808,107.717,33.7265,141.443
MM_BLOCK,10,2048,55406.8,107.614,33.7388,141.353
MM_BLOCK,10,2048,55643.3,109.15,33.6937,142.844
MM_BLOCK,10,2048,58562.7,106.471,33.6978,140.169
MM_BLOCK,10,2048,53393.6,105.968,33.7183,139.686
MM_BLOCK,10,2048,53442,106.394,33.7019,140.095
MM_BLOCK,10,2048,59336.9,106.955,33.7469,140.702
MM_BLOCK,10,2048,60180.9,109.162,33.7224,142.885
MM_BLOCK,10,2048,60837.5,106.549,33.7142,140.263
MM_BLOCK,10,2048,63938.5,105.779,32.8786,138.658
MM_BLOCK,10,2048,54567.8,107.397,33.7306,141.128
MM_BLOCK,10,2048,54549.2,107.958,33.7469,141.705
MM_BLOCK,10,2048,55084.2,106.381,33.7183,140.1
MM_BLOCK,10,2048,57626.4,108.782,33.7224,142.504
MM_BLOCK,10,2048,58121.3,107.164,33.7306,140.894
MM_BLOCK,10,2048,59165.7,106.574,33.706,140.28
Running MM-BLOCK 6 instances
MM_BLOCK,10,2048,66669.2,106.701,33.6814,140.382
MM_BLOCK,10,2048,67050.4,104.1,33.6732,137.773
MM_BLOCK,10,2048,69673.5,107.553,33.6773,141.23
MM_BLOCK,10,2048,71057.4,104.042,33.665,137.708
MM_BLOCK,10,2048,75428.5,107.635,33.6732,141.308
MM_BLOCK,10,2048,76159.7,102.703,33.6568,136.36
MM_BLOCK,10,2048,46471.9,106.455,33.6855,140.141
MM_BLOCK,10,2048,47275.2,104.862,33.7142,138.576
MM_BLOCK,10,2048,50709.9,109.916,33.6978,143.614
MM_BLOCK,10,2048,57078.3,103.391,33.6978,137.089
MM_BLOCK,10,2048,60165.1,105.284,33.6855,138.969
MM_BLOCK,10,2048,60218.7,104.739,33.7142,138.453
MM_BLOCK,10,2048,44736,103.825,33.6896,137.515
MM_BLOCK,10,2048,47299.6,105.366,33.7306,139.096
MM_BLOCK,10,2048,47794.2,102.879,33.6814,136.561
MM_BLOCK,10,2048,57662.7,106.533,33.6896,140.222
MM_BLOCK,10,2048,57685,103.596,33.665,137.261
MM_BLOCK,10,2048,57757.4,105.828,33.6937,139.522


Running MM-INPLACE 6 instances
MM_INPLACE,10,2048,64151.6,115.843,89.8089,205.652
MM_INPLACE,10,2048,66359.4,119.464,94.4824,213.946
MM_INPLACE,10,2048,72045,130.781,100.286,231.068
MM_INPLACE,10,2048,72917.3,128.983,94.4865,223.47
MM_INPLACE,10,2048,75484.5,133.886,101.22,235.106
MM_INPLACE,10,2048,79506.5,132.817,101.073,233.89
MM_INPLACE,10,2048,64941,116.003,92.6351,208.638
MM_INPLACE,10,2048,68653.7,120.762,101.556,222.319
MM_INPLACE,10,2048,71821.9,122.466,101.876,224.342
MM_INPLACE,10,2048,72092.6,125.764,98.9307,224.694
MM_INPLACE,10,2048,76741.6,132.174,106.77,238.944
MM_INPLACE,10,2048,79327.2,129.798,100.819,230.617
MM_INPLACE,10,2048,65526.3,122.401,93.3724,215.773
MM_INPLACE,10,2048,66716.2,115.888,92.926,208.814
MM_INPLACE,10,2048,71958.8,122.294,101.134,223.429
MM_INPLACE,10,2048,72537.4,128.18,100.471,228.651
MM_INPLACE,10,2048,75842.4,132.03,103.203,235.233
MM_INPLACE,10,2048,80550.9,130.347,96.8499,227.197
Running MM-INPLACE 6 instances
MM_INPLACE,10,2048,53391.2,108.225,84.8527,193.077
MM_INPLACE,10,2048,60075.4,113.041,91.2916,204.333
MM_INPLACE,10,2048,68123,123.159,94.9084,218.067
MM_INPLACE,10,2048,70220.6,115.38,99.0863,214.467
MM_INPLACE,10,2048,71292.5,119.804,99.5369,219.341
MM_INPLACE,10,2048,74454.3,117.957,100.77,218.726
MM_INPLACE,10,2048,56688.6,109.375,85.4139,194.789
MM_INPLACE,10,2048,60699.9,112.239,88.0353,200.274
MM_INPLACE,10,2048,70802.3,130.92,99.6844,230.605
MM_INPLACE,10,2048,71501.3,115.163,103.809,218.972
MM_INPLACE,10,2048,71577.5,119.378,103.53,222.908
MM_INPLACE,10,2048,76469.7,125.854,107.962,233.816
MM_INPLACE,10,2048,55274.1,110.154,88.2975,198.451
MM_INPLACE,10,2048,59119.3,115.044,90.6158,205.66
MM_INPLACE,10,2048,68775.1,126.714,96.2519,222.966
MM_INPLACE,10,2048,70143,117.42,99.5942,217.014
MM_INPLACE,10,2048,72223.2,120.3,103.735,224.035
MM_INPLACE,10,2048,74498,125.559,94.8224,220.381

Running MM-SCAN 6 instances
MM_SCAN,10,2048,104205,233.857,249.778,483.635
MM_SCAN,10,2048,109648,237.474,253.772,491.246
MM_SCAN,10,2048,122217,248.848,265.093,513.942
MM_SCAN,10,2048,124273,252.871,263.754,516.624
MM_SCAN,10,2048,131069,240.316,266.404,506.72
MM_SCAN,10,2048,135166,236.294,271.696,507.99
MM_SCAN,10,2048,100964,229.097,245.973,475.07
MM_SCAN,10,2048,104192,226.062,240.374,466.436
MM_SCAN,10,2048,113667,242.881,262.787,505.668
MM_SCAN,10,2048,121341,250.933,272.454,523.387
MM_SCAN,10,2048,125986,246.268,278.278,524.546
MM_SCAN,10,2048,132095,237.904,267.723,505.627
MM_SCAN,10,2048,107257,240.607,255.029,495.636
MM_SCAN,10,2048,107256,233.898,255.898,489.796
MM_SCAN,10,2048,120666,247.333,265.581,512.913
MM_SCAN,10,2048,126277,256.274,273.678,529.953
MM_SCAN,10,2048,130140,246.161,270.799,516.96
MM_SCAN,10,2048,136368,236.274,265.642,501.916
Running MM-SCAN 6 instances
MM_SCAN,10,2048,85085.9,213.275,237.392,450.666
MM_SCAN,10,2048,104897,229.368,260.575,489.943
MM_SCAN,10,2048,120934,247.796,258.159,505.954
MM_SCAN,10,2048,121902,242.655,255.046,497.701
MM_SCAN,10,2048,124961,248.705,271.466,520.172
MM_SCAN,10,2048,127268,248.979,257.286,506.266
MM_SCAN,10,2048,89687.6,217.756,250.032,467.788
MM_SCAN,10,2048,109849,232.448,259.011,491.459
MM_SCAN,10,2048,117674,240.103,264.667,504.771
MM_SCAN,10,2048,123075,243.905,277.508,521.413
MM_SCAN,10,2048,127037,241.967,277.926,519.893
MM_SCAN,10,2048,128501,246.854,279.933,526.787
MM_SCAN,10,2048,92262.2,218.669,252.957,471.626
MM_SCAN,10,2048,111597,233.796,270.025,503.82
MM_SCAN,10,2048,121236,236.913,263.217,500.13
MM_SCAN,10,2048,126262,242.295,266.056,508.35
MM_SCAN,10,2048,128393,239.636,278.258,517.894
MM_SCAN,10,2048,132300,241.836,267.764,509.6
