Running MM-BLOCK 1 instance
MM_BLOCK,10,2048,26017.9,125.006,33.6445,158.65
MM_BLOCK,10,2048,26169.9,116.789,33.6568,150.446
MM_BLOCK,10,2048,26418.8,117.94,33.6527,151.593
Running MM-BLOCK 2 instances
MM_BLOCK,10,2048,28595.2,108.687,33.7101,142.397
MM_BLOCK,10,2048,28594.7,112.632,33.6814,146.313
MM_BLOCK,10,2048,28061.5,107.278,33.706,140.984
MM_BLOCK,10,2048,28053,108.798,33.7142,142.512
MM_BLOCK,10,2048,26838.2,107.364,33.6773,141.042
MM_BLOCK,10,2048,26841,106.672,33.6773,140.349
Running MM-BLOCK 3 instances
MM_BLOCK,10,2048,31165.6,111.219,33.6896,144.908
MM_BLOCK,10,2048,31165.7,107.618,33.7019,141.32
MM_BLOCK,10,2048,31165.4,108.536,33.706,142.242
MM_BLOCK,10,2048,28594.4,111.849,33.7142,145.564
MM_BLOCK,10,2048,29247,106.508,33.7265,140.235
MM_BLOCK,10,2048,29224.8,107.614,33.7224,141.337
MM_BLOCK,10,2048,28902,107.483,33.6978,141.181
MM_BLOCK,10,2048,30463.2,106.807,33.706,140.513
MM_BLOCK,10,2048,30472.2,110.1,33.706,143.806
Running MM-BLOCK 4 instances
MM_BLOCK,10,2048,30169.4,106.131,33.7306,139.862
MM_BLOCK,10,2048,30493.8,106.222,33.7428,139.964
MM_BLOCK,10,2048,30791.2,105.972,33.7265,139.698
MM_BLOCK,10,2048,30857.4,106.029,33.7347,139.764
MM_BLOCK,10,2048,30291.4,106.775,33.7347,140.509
MM_BLOCK,10,2048,31878.2,107.217,33.7592,140.976
MM_BLOCK,10,2048,32030.4,108.061,33.7551,141.816
MM_BLOCK,10,2048,31958.6,105.656,33.7756,139.432
MM_BLOCK,10,2048,30541.3,107.491,33.7756,141.267
MM_BLOCK,10,2048,32333.9,106.566,33.7551,140.321
MM_BLOCK,10,2048,32387.7,105.91,33.7388,139.649
MM_BLOCK,10,2048,32224.5,108.327,33.7633,142.09
Running MM-BLOCK 5 instances
MM_BLOCK,10,2048,34659.4,106.828,33.7265,140.554
MM_BLOCK,10,2048,35472.7,107.88,33.7388,141.619
MM_BLOCK,10,2048,35680.1,106.815,33.7388,140.554
MM_BLOCK,10,2048,36885.1,106.828,33.7388,140.567
MM_BLOCK,10,2048,37183.7,110.035,33.751,143.786
MM_BLOCK,10,2048,34452.8,106.451,33.7428,140.194
MM_BLOCK,10,2048,35831.9,109.437,33.7469,143.184
MM_BLOCK,10,2048,35823.6,106.451,33.7592,140.21
MM_BLOCK,10,2048,36382,109.138,33.7428,142.881
MM_BLOCK,10,2048,36858.3,106.623,33.7306,140.354
MM_BLOCK,10,2048,29808.3,106.533,33.7797,140.313
MM_BLOCK,10,2048,31576.1,106.213,33.7592,139.973
MM_BLOCK,10,2048,32362.8,105.607,33.7879,139.395
MM_BLOCK,10,2048,32381.6,105.632,33.7838,139.416
MM_BLOCK,10,2048,32710.9,105.628,33.7715,139.399
Running MM-BLOCK 6 instances
MM_BLOCK,10,2048,52042.5,104.862,33.7265,138.588
MM_BLOCK,10,2048,53965.6,108.261,33.6896,141.951
MM_BLOCK,10,2048,54810.9,107.598,33.7265,141.324
MM_BLOCK,10,2048,58359.8,107.672,33.6978,141.369
MM_BLOCK,10,2048,57971.3,109.441,33.6978,143.139
MM_BLOCK,10,2048,60809.4,106.295,33.6978,139.993
MM_BLOCK,10,2048,43003.3,106.951,33.706,140.657
MM_BLOCK,10,2048,40875.4,106.095,33.7142,139.809
MM_BLOCK,10,2048,46843.4,106.172,33.7101,139.882
MM_BLOCK,10,2048,47796.5,109.203,33.6937,142.897
MM_BLOCK,10,2048,47826.2,107.327,33.7306,141.058
MM_BLOCK,10,2048,51114.8,105.222,33.7101,138.932
MM_BLOCK,10,2048,43778.9,107.348,33.706,141.054
MM_BLOCK,10,2048,45895.9,106.217,33.7183,139.936
MM_BLOCK,10,2048,47010.9,106.521,33.6978,140.218
MM_BLOCK,10,2048,46753.1,106.775,33.7142,140.489
MM_BLOCK,10,2048,51357.6,110.899,33.7306,144.63
MM_BLOCK,10,2048,54321.2,109.048,33.6896,142.737



Running MM-INPLACE 1 instance
MM_INPLACE,10,2048,29195,150.766,101.13,251.896
MM_INPLACE,10,2048,27945.1,153.035,97.2063,250.241
MM_INPLACE,10,2048,27795,156.021,104.554,260.575
Running MM-INPLACE 2 instances
MM_INPLACE,10,2048,29520.5,157.049,114.831,271.88
MM_INPLACE,10,2048,29945.2,155.537,117.498,273.035
MM_INPLACE,10,2048,29411.7,153.784,114.643,268.427
MM_INPLACE,10,2048,29620.7,156.049,110.83,266.879
MM_INPLACE,10,2048,28867.4,156.987,113.779,270.766
MM_INPLACE,10,2048,29133.9,151.634,117.42,269.054
Running MM-INPLACE 3 instances
MM_INPLACE,10,2048,32351.7,146.022,117.613,263.635
MM_INPLACE,10,2048,32983.8,148.763,117.613,266.375
MM_INPLACE,10,2048,33428.4,148.963,116.22,265.183
MM_INPLACE,10,2048,32202.1,145.588,112.116,257.704
MM_INPLACE,10,2048,33187.8,149.545,110.789,260.334
MM_INPLACE,10,2048,33727.3,147.812,111.165,258.978
MM_INPLACE,10,2048,31913,147.378,112.771,260.149
MM_INPLACE,10,2048,31720.6,149.692,118.452,268.145
MM_INPLACE,10,2048,32680.5,145.539,115.225,260.764
Running MM-INPLACE 4 instances
MM_INPLACE,10,2048,41347,140.284,107.766,248.05
MM_INPLACE,10,2048,44136.7,141.939,111.206,253.145
MM_INPLACE,10,2048,43739.1,146.522,106.705,253.227
MM_INPLACE,10,2048,45087.8,145.814,109.122,254.935
MM_INPLACE,10,2048,41947.1,142.488,113.377,255.865
MM_INPLACE,10,2048,42543.4,145.478,114.786,260.264
MM_INPLACE,10,2048,42881.1,145.474,110.273,255.746
MM_INPLACE,10,2048,43769.7,142.029,111.739,253.768
MM_INPLACE,10,2048,43397.2,141.791,113.983,255.775
MM_INPLACE,10,2048,44227.3,141.861,114.262,256.123
MM_INPLACE,10,2048,45594.2,141.705,112.927,254.632
MM_INPLACE,10,2048,45738.2,140.89,114.192,255.082
Running MM-INPLACE 5 instances
MM_INPLACE,10,2048,54099.3,129.675,99.6516,229.327
MM_INPLACE,10,2048,54959.3,133.64,101.675,235.315
MM_INPLACE,10,2048,55301.7,133.657,102.146,235.803
MM_INPLACE,10,2048,55963.9,136.95,98.9798,235.93
MM_INPLACE,10,2048,60116.9,136.344,100.741,237.085
MM_INPLACE,10,2048,53683.1,132.276,99.9956,232.272
MM_INPLACE,10,2048,54989.4,130.425,98.7832,229.208
MM_INPLACE,10,2048,56023,133.37,100.884,234.254
MM_INPLACE,10,2048,57009.1,131.527,101.884,233.411
MM_INPLACE,10,2048,60616.3,132.502,101.495,233.996
MM_INPLACE,10,2048,53324,131.355,106.803,238.158
MM_INPLACE,10,2048,54345.5,132.665,104.78,237.445
MM_INPLACE,10,2048,54950.8,130.916,104.89,235.807
MM_INPLACE,10,2048,57989.4,132.358,102.838,235.196
MM_INPLACE,10,2048,58462.2,140.268,105.308,245.576
Running MM-INPLACE 6 instances
MM_INPLACE,10,2048,52681.8,112.038,94.7896,206.828
MM_INPLACE,10,2048,57488.3,114.754,96.469,211.223
MM_INPLACE,10,2048,62642,128.082,96.2028,224.285
MM_INPLACE,10,2048,64556.6,125.587,102.724,228.311
MM_INPLACE,10,2048,66899.3,136.643,102.719,239.362
MM_INPLACE,10,2048,70602.9,133.267,100.209,233.476
MM_INPLACE,10,2048,57665.1,121.639,88.9405,210.579
MM_INPLACE,10,2048,55400.2,120.652,91.0868,211.739
MM_INPLACE,10,2048,62459.5,127.468,98.431,225.898
MM_INPLACE,10,2048,63128.6,126.935,95.6498,222.585
MM_INPLACE,10,2048,64669.1,129.942,99.201,229.143
MM_INPLACE,10,2048,71162.1,131.793,91.6316,223.425
MM_INPLACE,10,2048,55616.1,117.727,92.672,210.399
MM_INPLACE,10,2048,56893.9,118.321,88.6292,206.95
MM_INPLACE,10,2048,63334,124.6,96.8745,221.475
MM_INPLACE,10,2048,63537.7,128.389,93.8803,222.269
MM_INPLACE,10,2048,65176.1,124.252,97.1244,221.377
MM_INPLACE,10,2048,70797.8,131.625,92.5819,224.207



Running MM-SCAN 1 instance
MM_SCAN,10,2048,30382.8,288.887,320.614,609.501
MM_SCAN,10,2048,29599.4,285.282,312.951,598.233
MM_SCAN,10,2048,29199.3,275.247,305.619,580.866
Running MM-SCAN 2 instances
MM_SCAN,10,2048,36625.2,279.024,351.67,630.694
MM_SCAN,10,2048,38395.4,279.306,356.205,635.511
MM_SCAN,10,2048,38742.6,272.515,364.61,637.125
MM_SCAN,10,2048,39701.6,279.851,355.762,635.613
MM_SCAN,10,2048,35345.7,274.149,347.046,621.195
MM_SCAN,10,2048,37100.6,282.403,356.647,639.05
Running MM-SCAN 3 instances
MM_SCAN,10,2048,52315.2,260.973,323.379,584.352
MM_SCAN,10,2048,54518.5,269.341,332.3,601.641
MM_SCAN,10,2048,59130.2,266.412,305.242,571.654
MM_SCAN,10,2048,51056.7,260.219,308.417,568.635
MM_SCAN,10,2048,56191,270.537,318.132,588.669
MM_SCAN,10,2048,59666.6,262.173,316.699,578.871
MM_SCAN,10,2048,53855.8,269.988,325.886,595.874
MM_SCAN,10,2048,55640.2,265.036,328.45,593.486
MM_SCAN,10,2048,60229.9,263.586,320.483,584.069
Running MM-SCAN 4 instances
MM_SCAN,10,2048,77643.3,253.69,281.793,535.482
MM_SCAN,10,2048,82242.9,263.414,284.443,547.856
MM_SCAN,10,2048,84551.5,269.857,287.236,557.093
MM_SCAN,10,2048,86646.1,270.168,289.792,559.96
MM_SCAN,10,2048,73260.5,258.445,276.525,534.97
MM_SCAN,10,2048,79785.2,260.399,278.008,538.407
MM_SCAN,10,2048,80759.1,265.654,278.737,544.391
MM_SCAN,10,2048,83238.3,270.344,276.505,546.849
MM_SCAN,10,2048,79161.8,262.238,281.121,543.359
MM_SCAN,10,2048,82065.3,266.781,279.671,546.451
MM_SCAN,10,2048,82699.1,267.293,279.052,546.345
MM_SCAN,10,2048,84288.9,270.807,284.983,555.79
Running MM-SCAN 5 instances
MM_SCAN,10,2048,92822.3,251.15,265.417,516.567
MM_SCAN,10,2048,102516,259.793,276.627,536.42
MM_SCAN,10,2048,105216,258.744,270.844,529.588
MM_SCAN,10,2048,107612,266.318,281.805,548.123
MM_SCAN,10,2048,110692,252.707,262.582,515.289
MM_SCAN,10,2048,91130.9,254.448,263.348,517.796
MM_SCAN,10,2048,98415.6,252.318,268.206,520.524
MM_SCAN,10,2048,103116,260.481,271.487,531.968
MM_SCAN,10,2048,104915,270.045,271.872,541.917
MM_SCAN,10,2048,106779,270.77,272.511,543.281
MM_SCAN,10,2048,98923.9,252.74,261.546,514.286
MM_SCAN,10,2048,102061,253.174,264.63,517.804
MM_SCAN,10,2048,105504,262.312,268.714,531.026
MM_SCAN,10,2048,105442,263.131,272.155,535.286
MM_SCAN,10,2048,110084,249.496,264.081,513.577
Running MM-SCAN 6 instances
MM_SCAN,10,2048,93005.7,234.611,254.743,489.353
MM_SCAN,10,2048,99863,237.072,257.585,494.658
MM_SCAN,10,2048,106783,243.978,260.542,504.521
MM_SCAN,10,2048,116468,243.29,274.887,518.177
MM_SCAN,10,2048,120139,247.566,267.293,514.859
MM_SCAN,10,2048,124545,233.251,255.193,488.444
MM_SCAN,10,2048,92916.5,224.67,246.002,470.671
MM_SCAN,10,2048,98774,240.48,253.088,493.568
MM_SCAN,10,2048,108151,246.706,260.002,506.708
MM_SCAN,10,2048,114375,257.638,272.118,529.756
MM_SCAN,10,2048,119638,242.475,264.376,506.851
MM_SCAN,10,2048,124362,237.851,269.591,507.441
MM_SCAN,10,2048,93896.7,226.071,251.13,477.2
MM_SCAN,10,2048,100260,236.708,249.872,486.58
MM_SCAN,10,2048,113377,244.064,261.374,505.438
MM_SCAN,10,2048,114915,252.645,269.181,521.826
MM_SCAN,10,2048,121144,240.71,269.652,510.362
MM_SCAN,10,2048,127529,228.549,243.675,472.224
